0048 0048 0048 0048 0048 0048 0048 0048 0048 0048 0048 0048 0048 0048 0048 0048 0048 0048 0048 0048 0048 0048 0048 0048 0048 0048 0048 0048 0048 0048 0048 0048 0048 0048 0048 0048 0048 0048 0048 0048 0048 0048 0048 0048 0048 0048 0048 0048
0135 0004 0026 0026 0026 0026 0026 0005 0048 0048 0048 0048 0048 0048 0048 0048 0048 0048 0048 0048 0048 0048 0048 0048 0048 0048 0048 0048 0048 0048 0048 0048 0135 0004 0026 0026 0026 0026 0026 0026 0026 0026 0026 0026 0026 0026 0005 0048
0135 0015 0000 0000 0000 0000 0000 0025 0026 0026 0026 0026 0005 0048 0048 0048 0048 0048 0048 0048 0048 0048 0048 0048 0048 0048 0048 0048 0048 0048 0048 0048 0135 0015 0000 0000 0000 0000 0000 0000 0000 0000 0000 0000 0000 0000 0013 0048
0135 0015 0000 0000 0000 0000 0000 0000 0000 0000 0000 0000 0013 0048 0048 0048 0048 0048 0048 0048 0048 0048 0048 0048 0048 0048 0048 0048 0048 0048 0048 0048 0135 0015 0000 0000 0000 0000 0000 0000 0000 0000 0000 0000 0000 0000 0013 0048
0135 0015 0000 0000 0000 0000 0000 0000 0000 0000 0000 0000 0013 0048 0048 0048 0048 0048 0048 0048 0048 0048 0048 0048 0048 0048 0048 0048 0048 0048 0048 0048 0135 0015 0000 0000 0000 0000 0000 0000 0000 0000 0000 0000 0000 0000 0013 0048
0135 0015 0000 0000 0000 0000 0000 0000 0000 0000 0000 0000 0013 0048 0048 0048 0048 0048 0048 0048 0048 0048 0048 0048 0048 0048 0048 0048 0048 0048 0048 0048 0135 0015 0000 0000 0000 0000 0000 0000 0000 0000 0000 0000 0000 0000 0013 0048
0135 0015 0000 0000 0000 0000 0000 0001 0006 0006 0006 0006 0017 0048 0048 0048 0048 0048 0048 0048 0048 0048 0048 0048 0048 0048 0048 0048 0048 0048 0048 0048 0135 0015 0000 0000 0000 0000 0000 0000 0000 0000 0000 0000 0000 0000 0013 0048
0135 0015 0000 0000 0000 0000 0000 0013 0040 0040 0040 0040 0059 0048 0048 0048 0048 0048 0048 0048 0048 0048 0048 0048 0048 0048 0048 0048 0048 0048 0048 0048 0135 0015 0000 0000 0000 0000 0000 0000 0000 0000 0000 0000 0000 0000 0013 0048
0135 0015 0000 0000 0000 0000 0000 0013 0133 0050 0050 0050 0050 0048 0048 0048 0048 0048 0048 0048 0048 0048 0048 0048 0048 0048 0048 0048 0048 0048 0048 0048 0135 0015 0000 0000 0000 0000 0000 0000 0000 0000 0000 0000 0000 0000 0013 0048
0135 0016 0002 0000 0000 0000 0002 0017 0132 0048 0048 0048 0048 0048 0048 0048 0048 0048 0048 0048 0048 0048 0048 0048 0048 0048 0048 0048 0048 0048 0048 0048 0135 0015 0000 0000 0000 0000 0000 0000 0000 0000 0000 0000 0000 0000 0013 0048
0135 0057 0040 0036 0037 0038 0040 0059 0132 0048 0048 0048 0048 0048 0048 0048 0048 0048 0048 0048 0048 0048 0048 0048 0048 0048 0048 0048 0048 0048 0048 0048 0135 0016 0006 0006 0006 0006 0006 0003 0000 0000 0000 0000 0000 0000 0013 0048
0134 0050 0050 0050 0050 0050 0050 0050 0053 0048 0048 0048 0048 0048 0048 0048 0048 0048 0048 0048 0048 0048 0048 0048 0048 0048 0048 0048 0048 0048 0048 0048 0135 0057 0040 0040 0040 0040 0040 0015 0000 0000 0000 0000 0000 0000 0013 0048
0048 0048 0048 0048 0048 0048 0048 0048 0048 0048 0048 0048 0048 0048 0048 0048 0048 0048 0048 0048 0048 0048 0048 0048 0048 0048 0048 0048 0048 0048 0048 0048 0135 0057 0040 0040 0040 0040 0040 0015 0000 0000 0000 0000 0000 0000 0013 0048
0048 0048 0048 0048 0048 0048 0048 0048 0048 0048 0048 0048 0048 0048 0048 0048 0048 0048 0048 0048 0048 0048 0048 0048 0048 0048 0048 0048 0048 0048 0048 0048 0135 0057 0040 0022 0023 0040 0040 0015 0000 0000 0000 0000 0000 0000 0013 0048
0048 0048 0048 0048 0048 0048 0048 0048 0048 0048 0048 0048 0048 0048 0048 0048 0048 0048 0048 0048 0048 0048 0048 0048 0048 0048 0048 0048 0048 0048 0048 0048 0134 0050 0050 0050 0051 0050 0050 0015 0000 0000 0000 0000 0000 0000 0013 0048
0048 0048 0048 0048 0048 0048 0048 0048 0048 0048 0048 0048 0048 0048 0048 0048 0048 0048 0048 0048 0048 0048 0048 0048 0048 0048 0048 0048 0048 0048 0048 0048 0048 0048 0048 0048 0048 0048 0048 0015 0000 0000 0000 0000 0000 0000 0013 0048
0048 0048 0048 0048 0048 0048 0048 0048 0048 0048 0048 0048 0048 0048 0048 0048 0048 0048 0048 0048 0048 0048 0048 0048 0048 0048 0048 0048 0048 0048 0048 0048 0048 0048 0048 0048 0048 0048 0048 0015 0000 0000 0000 0000 0000 0000 0013 0048
0048 0048 0048 0048 0048 0048 0048 0048 0048 0048 0048 0048 0048 0048 0048 0048 0048 0048 0048 0048 0048 0048 0048 0048 0048 0048 0048 0048 0048 0048 0048 0048 0048 0048 0048 0048 0048 0048 0048 0015 0000 0000 0000 0000 0000 0000 0013 0048
0048 0048 0048 0048 0048 0048 0048 0048 0048 0048 0048 0048 0048 0048 0048 0048 0048 0048 0048 0048 0048 0048 0048 0048 0048 0048 0048 0048 0048 0048 0048 0048 0048 0048 0048 0048 0048 0048 0048 0016 0006 0006 0006 0006 0006 0006 0017 0048
0048 0048 0048 0048 0048 0048 0048 0048 0048 0048 0048 0048 0048 0048 0048 0048 0048 0048 0048 0048 0048 0048 0048 0048 0048 0048 0048 0048 0048 0048 0048 0048 0048 0048 0048 0048 0048 0048 0048 0057 0040 0040 0040 0040 0040 0040 0059 0048
0048 0048 0048 0048 0048 0048 0048 0048 0048 0048 0048 0048 0048 0048 0048 0048 0048 0048 0048 0048 0048 0048 0048 0048 0048 0048 0048 0048 0048 0048 0048 0048 0048 0048 0048 0048 0048 0048 0048 0057 0040 0040 0040 0040 0040 0040 0059 0048
0048 0048 0048 0048 0048 0048 0048 0048 0048 0048 0048 0048 0048 0048 0048 0048 0048 0048 0048 0048 0048 0048 0048 0048 0048 0048 0048 0048 0048 0048 0048 0048 0048 0048 0048 0048 0048 0048 0048 0057 0040 0040 0040 0040 0040 0040 0059 0048
0048 0048 0048 0048 0048 0048 0048 0048 0048 0048 0048 0048 0048 0048 0048 0048 0048 0048 0048 0048 0048 0048 0048 0048 0048 0048 0048 0048 0048 0048 0048 0048 0048 0048 0048 0048 0048 0048 0048 0050 0050 0050 0050 0050 0050 0050 0050 0048
0048 0048 0048 0048 0048 0048 0048 0048 0048 0048 0048 0048 0048 0048 0048 0048 0048 0048 0048 0048 0048 0048 0048 0048 0048 0048 0048 0048 0048 0048 0048 0048 0048 0048 0048 0048 0048 0048 0048 0048 0048 0048 0048 0048 0048 0048 0048 0048
0048 0048 0048 0048 0048 0048 0048 0048 0048 0048 0048 0048 0048 0048 0048 0048 0048 0048 0048 0048 0048 0048 0048 0048 0048 0048 0048 0048 0048 0048 0048 0048 0048 0048 0048 0048 0048 0048 0048 0048 0048 0048 0048 0048 0048 0048 0048 0048
0048 0048 0048 0048 0048 0048 0048 0048 0048 0048 0048 0048 0048 0048 0048 0048 0048 0048 0048 0048 0048 0048 0048 0048 0048 0048 0048 0048 0048 0048 0048 0048 0048 0048 0048 0048 0048 0048 0048 0048 0048 0048 0048 0048 0048 0048 0048 0048
0048 0048 0048 0048 0048 0048 0048 0048 0048 0048 0048 0048 0048 0048 0048 0048 0048 0048 0048 0048 0048 0048 0048 0048 0048 0048 0048 0048 0048 0048 0048 0048 0048 0048 0048 0048 0048 0048 0048 0048 0048 0048 0048 0048 0048 0048 0048 0048
